#	A	C	D	E	F	G	H	I	K	L	M	N	P	Q	R	S	T	V	W	Y
P45984	0.0589622641509434	0.02358490566037736	0.0660377358490566	0.07075471698113207	0.030660377358490566	0.04245283018867924	0.02358490566037736	0.0660377358490566	0.0660377358490566	0.08490566037735849	0.0330188679245283	0.03537735849056604	0.049528301886792456	0.049528301886792456	0.04245283018867924	0.08018867924528301	0.049528301886792456	0.07547169811320754	0.014150943396226415	0.03773584905660377
P53779	0.05818965517241379	0.023706896551724137	0.0625	0.05818965517241379	0.032327586206896554	0.04525862068965517	0.02586206896551724	0.05603448275862069	0.07327586206896551	0.09051724137931035	0.036637931034482756	0.04310344827586207	0.05603448275862069	0.04525862068965517	0.03879310344827586	0.07974137931034483	0.040948275862068964	0.07758620689655173	0.008620689655172414	0.04741379310344827
O14757	0.04201680672268908	0.02100840336134454	0.06302521008403361	0.06512605042016807	0.037815126050420166	0.05672268907563025	0.02100840336134454	0.05672268907563025	0.0861344537815126	0.10294117647058823	0.023109243697478993	0.04831932773109244	0.05672268907563025	0.037815126050420166	0.052521008403361345	0.07352941176470588	0.04201680672268908	0.06302521008403361	0.02100840336134454	0.029411764705882353
O14965	0.05955334987593052	0.017369727047146403	0.02729528535980149	0.07692307692307693	0.03225806451612903	0.04714640198511166	0.02977667493796526	0.03722084367245657	0.0794044665012407	0.10669975186104218	0.009925558312655087	0.04714640198511166	0.07444168734491315	0.06699751861042183	0.06451612903225806	0.08188585607940446	0.04218362282878412	0.05955334987593052	0.009925558312655087	0.02977667493796526
O15264	0.06575342465753424	0.00821917808219178	0.06027397260273973	0.0684931506849315	0.049315068493150684	0.049315068493150684	0.0273972602739726	0.04657534246575343	0.08767123287671233	0.10410958904109589	0.03561643835616438	0.021917808219178082	0.04657534246575343	0.052054794520547946	0.049315068493150684	0.057534246575342465	0.052054794520547946	0.06301369863013699	0.0136986301369863	0.0410958904109589
O43293	0.07048458149779736	0.006607929515418502	0.046255506607929514	0.12555066079295155	0.04405286343612335	0.05506607929515418	0.022026431718061675	0.06167400881057269	0.07048458149779736	0.11013215859030837	0.013215859030837005	0.03524229074889868	0.02643171806167401	0.03524229074889868	0.0947136563876652	0.06387665198237885	0.039647577092511016	0.046255506607929514	0.006607929515418502	0.02643171806167401
O60674	0.045936395759717315	0.023851590106007067	0.05035335689045936	0.07597173144876325	0.04770318021201413	0.054770318021201414	0.029151943462897525	0.06713780918727916	0.06978798586572438	0.09628975265017668	0.026501766784452298	0.05830388692579505	0.045053003533568906	0.03975265017667844	0.053003533568904596	0.0636042402826855	0.04770318021201413	0.04946996466431095	0.012367491166077738	0.04328621908127209
O75116	0.05979827089337176	0.01440922190201729	0.06484149855907781	0.11239193083573487	0.026657060518731988	0.03314121037463977	0.019452449567723344	0.04755043227665706	0.1037463976945245	0.10734870317002881	0.029538904899135448	0.048270893371757925	0.035302593659942365	0.06556195965417867	0.05475504322766571	0.061239193083573486	0.04178674351585014	0.04250720461095101	0.00792507204610951	0.02377521613832853
O95819	0.046811945117029866	0.010492332526230832	0.04600484261501211	0.10573042776432606	0.025020177562550445	0.05811138014527845	0.02824858757062147	0.04035512510088781	0.06053268765133172	0.08313155770782889	0.01775625504439064	0.02986279257465698	0.057304277643260695	0.06376109765940274	0.08958837772397095	0.08716707021791767	0.04519774011299435	0.06698950766747377	0.011299435028248588	0.026634382566585957
O96013	0.08798646362098139	0.008460236886632826	0.04568527918781726	0.05922165820642978	0.02707275803722504	0.09137055837563451	0.025380710659898477	0.03722504230118443	0.049069373942470386	0.08121827411167512	0.023688663282571912	0.025380710659898477	0.1065989847715736	0.04060913705583756	0.08798646362098139	0.08121827411167512	0.03722504230118443	0.06429780033840947	0.00676818950930626	0.01353637901861252
O96017	0.06077348066298342	0.02394106813996317	0.049723756906077346	0.09023941068139964	0.03867403314917127	0.055248618784530384	0.020257826887661142	0.04788213627992634	0.0718232044198895	0.09392265193370165	0.01289134438305709	0.03683241252302026	0.04788213627992634	0.040515653775322284	0.04788213627992634	0.10128913443830571	0.055248618784530384	0.06077348066298342	0.011049723756906077	0.03314917127071823
P00533	0.05950413223140496	0.049586776859504134	0.050413223140495865	0.06363636363636363	0.02975206611570248	0.07024793388429752	0.0256198347107438	0.05702479338842975	0.05454545454545454	0.09173553719008265	0.02066115702479339	0.05454545454545454	0.06198347107438017	0.04049586776859504	0.049586776859504134	0.06942148760330578	0.05289256198347107	0.05785123966942149	0.010743801652892562	0.02975206611570248
P04626	0.06613545816733067	0.04701195219123506	0.05179282868525897	0.06135458167330677	0.027888446215139442	0.0804780876494024	0.027888446215139442	0.0350597609561753	0.031075697211155377	0.1099601593625498	0.018326693227091632	0.03266932270916335	0.08685258964143426	0.04940239043824701	0.05657370517928287	0.05816733067729084	0.05338645418326693	0.06613545816733067	0.01195219123505976	0.027888446215139442
P04629	0.07914572864321608	0.026381909547738693	0.04020100502512563	0.06030150753768844	0.0414572864321608	0.09045226130653267	0.035175879396984924	0.028894472361809045	0.02763819095477387	0.12814070351758794	0.02135678391959799	0.04020100502512563	0.059045226130653265	0.04648241206030151	0.05778894472361809	0.06532663316582915	0.0414572864321608	0.07412060301507538	0.020100502512562814	0.016331658291457288
P05129	0.05164992826398852	0.03156384505021521	0.06169296987087518	0.05738880918220947	0.06312769010043041	0.08464849354375897	0.03156384505021521	0.03873744619799139	0.05308464849354376	0.08321377331420372	0.02295552367288379	0.02582496413199426	0.08034433285509325	0.03299856527977044	0.06599713055954089	0.054519368723098996	0.05021520803443329	0.06886657101865136	0.01291248206599713	0.028694404591104734
P06213	0.04775687409551375	0.03400868306801737	0.05065123010130246	0.07670043415340087	0.0426917510853835	0.06657018813314038	0.026772793053545588	0.04775687409551375	0.04848046309696093	0.09840810419681621	0.02170767004341534	0.05209840810419682	0.059334298118668596	0.027496382054992764	0.059334298118668596	0.07597684515195369	0.049927641099855286	0.06295224312590449	0.01447178002894356	0.03690303907380608
P06239	0.0550098231827112	0.01768172888015717	0.05108055009823183	0.08644400785854617	0.043222003929273084	0.07269155206286837	0.023575638506876228	0.0550098231827112	0.04518664047151277	0.0962671905697446	0.021611001964636542	0.047151277013752456	0.06286836935166994	0.04518664047151277	0.05697445972495088	0.05893909626719057	0.05304518664047151	0.04911591355599214	0.021611001964636542	0.03732809430255403
P06241	0.05772811918063315	0.01675977653631285	0.05027932960893855	0.07635009310986965	0.037243947858473	0.0893854748603352	0.0223463687150838	0.04655493482309125	0.061452513966480445	0.0931098696461825	0.024208566108007448	0.03910614525139665	0.04655493482309125	0.040968342644320296	0.055865921787709494	0.055865921787709494	0.0670391061452514	0.0521415270018622	0.0186219739292365	0.048417132216014895
P06493	0.04040404040404041	0.003367003367003367	0.06397306397306397	0.06060606060606061	0.037037037037037035	0.06060606060606061	0.026936026936026935	0.07407407407407407	0.08080808080808081	0.12121212121212122	0.026936026936026935	0.03367003367003367	0.050505050505050504	0.03367003367003367	0.050505050505050504	0.0707070707070707	0.04377104377104377	0.06060606060606061	0.013468013468013467	0.04713804713804714
P07333	0.06584362139917696	0.021604938271604937	0.044238683127572016	0.056584362139917695	0.040123456790123455	0.07098765432098765	0.02880658436213992	0.03806584362139918	0.04218106995884774	0.10699588477366255	0.018518518518518517	0.046296296296296294	0.06172839506172839	0.051440329218107	0.0411522633744856	0.0823045267489712	0.051440329218107	0.07716049382716049	0.01748971193415638	0.037037037037037035
P07948	0.060546875	0.015625	0.06640625	0.076171875	0.0390625	0.064453125	0.013671875	0.0625	0.08984375	0.083984375	0.025390625	0.029296875	0.0546875	0.041015625	0.05078125	0.056640625	0.05078125	0.0546875	0.017578125	0.046875
P07949	0.06912028725314183	0.03052064631956912	0.05206463195691203	0.06642728904847396	0.04308797127468582	0.06732495511669659	0.02154398563734291	0.0296229802513465	0.04129263913824058	0.10682226211849193	0.017953321364452424	0.03411131059245961	0.06283662477558348	0.03141831238779174	0.06732495511669659	0.08258527827648116	0.05116696588868941	0.0763016157989228	0.01526032315978456	0.03321364452423698
P08069	0.05267008046817849	0.03218727139722019	0.04535479151426482	0.08266276517922458	0.03438185808339429	0.06656912948061448	0.016825164594001463	0.053401609363569864	0.05047549378200439	0.08485735186539868	0.02852962692026335	0.06217995610826628	0.0592538405267008	0.025603511338697878	0.058522311631309436	0.07095830285296269	0.05047549378200439	0.06364301389904901	0.015362106803218726	0.046086320409656184
P10721	0.05635245901639344	0.02459016393442623	0.05430327868852459	0.05942622950819672	0.04405737704918033	0.05635245901639344	0.022540983606557378	0.05327868852459016	0.06762295081967214	0.08504098360655737	0.02459016393442623	0.055327868852459015	0.05122950819672131	0.025614754098360656	0.040983606557377046	0.08094262295081968	0.060450819672131145	0.07991803278688525	0.014344262295081968	0.0430327868852459
P11309	0.04472843450479233	0.019169329073482427	0.06389776357827476	0.07667731629392971	0.04472843450479233	0.07028753993610223	0.04153354632587859	0.06070287539936102	0.038338658146964855	0.12140575079872204	0.012779552715654952	0.025559105431309903	0.06070287539936102	0.03514376996805112	0.07028753993610223	0.07348242811501597	0.025559105431309903	0.07028753993610223	0.022364217252396165	0.022364217252396165
P11362	0.05961070559610705	0.023114355231143552	0.06082725060827251	0.06690997566909976	0.021897810218978103	0.057177615571776155	0.0267639902676399	0.038929440389294405	0.05961070559610705	0.09854014598540146	0.030413625304136254	0.037712895377128956	0.06934306569343066	0.029197080291970802	0.04866180048661801	0.09002433090024331	0.051094890510948905	0.07664233576642336	0.01824817518248175	0.03527980535279805
P12931	0.08208955223880597	0.016791044776119403	0.03917910447761194	0.07835820895522388	0.03917910447761194	0.08022388059701492	0.016791044776119403	0.029850746268656716	0.05783582089552239	0.0914179104477612	0.020522388059701493	0.033582089552238806	0.05970149253731343	0.04291044776119403	0.05970149253731343	0.06902985074626866	0.06716417910447761	0.055970149253731345	0.016791044776119403	0.04291044776119403
P28482	0.06944444444444445	0.019444444444444445	0.06666666666666667	0.058333333333333334	0.03611111111111111	0.04722222222222222	0.03611111111111111	0.07777777777777778	0.06388888888888888	0.11944444444444445	0.025	0.05277777777777778	0.05555555555555555	0.03333333333333333	0.05277777777777778	0.044444444444444446	0.03888888888888889	0.041666666666666664	0.008333333333333333	0.05277777777777778
P29317	0.07581967213114754	0.02663934426229508	0.04610655737704918	0.07172131147540983	0.0389344262295082	0.0778688524590164	0.0194672131147541	0.04405737704918033	0.04918032786885246	0.07684426229508197	0.027663934426229508	0.028688524590163935	0.05942622950819672	0.0389344262295082	0.05430327868852459	0.07274590163934426	0.05942622950819672	0.07889344262295082	0.01639344262295082	0.036885245901639344
P29597	0.06908171861836562	0.02695871946082561	0.04549283909014322	0.07160909856781802	0.039595619208087615	0.07582139848357203	0.04296545914069082	0.03538331929233361	0.037910699241786014	0.11625947767481044	0.020219039595619208	0.02190395956192081	0.06908171861836562	0.04380791912384162	0.07245155855096883	0.06402695871946082	0.040438079191238416	0.061499578770008424	0.016006739679865205	0.02948609941027801
P31751	0.05405405405405406	0.014553014553014554	0.062370062370062374	0.0893970893970894	0.05405405405405406	0.056133056133056136	0.02286902286902287	0.04365904365904366	0.06444906444906445	0.09355509355509356	0.033264033264033266	0.02494802494802495	0.05197505197505198	0.031185031185031187	0.07276507276507277	0.05405405405405406	0.060291060291060294	0.062370062370062374	0.014553014553014554	0.0395010395010395
P35916	0.07410124724871607	0.02714600146735143	0.05135730007336757	0.0748349229640499	0.032281731474688186	0.06382978723404255	0.027879677182685254	0.03741746148202495	0.041085840058694055	0.10271460014673514	0.018341892883345562	0.03154805575935436	0.05355832721936904	0.04035216434336023	0.06676449009537784	0.08584005869405723	0.04695524578136464	0.07263389581804842	0.020542920029347028	0.030814380044020543
P35968	0.05014749262536873	0.024336283185840708	0.05088495575221239	0.07595870206489676	0.03023598820058997	0.06268436578171091	0.019174041297935103	0.058997050147492625	0.061946902654867256	0.09144542772861357	0.019174041297935103	0.03908554572271387	0.05235988200589971	0.03761061946902655	0.04498525073746313	0.08333333333333333	0.06710914454277286	0.08112094395280237	0.014011799410029498	0.035398230088495575
P42685	0.0594059405940594	0.015841584158415842	0.053465346534653464	0.07128712871287128	0.04554455445544554	0.05742574257425743	0.023762376237623763	0.055445544554455446	0.055445544554455446	0.100990099009901	0.019801980198019802	0.04356435643564356	0.04356435643564356	0.055445544554455446	0.0594059405940594	0.07524752475247524	0.04554455445544554	0.04950495049504951	0.02178217821782178	0.047524752475247525
P43405	0.07086614173228346	0.014173228346456693	0.04251968503937008	0.07559055118110236	0.029921259842519685	0.07874015748031496	0.029921259842519685	0.04094488188976378	0.07716535433070866	0.09448818897637795	0.029921259842519685	0.047244094488188976	0.05196850393700787	0.04409448818897638	0.048818897637795275	0.05984251968503937	0.03622047244094488	0.05669291338582677	0.01732283464566929	0.05354330708661417
P45983	0.06088992974238876	0.0234192037470726	0.0585480093676815	0.06557377049180328	0.02810304449648712	0.05152224824355972	0.02576112412177986	0.06323185011709602	0.06791569086651054	0.09133489461358314	0.03747072599531616	0.04215456674473068	0.05620608899297424	0.03981264637002342	0.04918032786885246	0.07728337236533958	0.03981264637002342	0.0702576112412178	0.00936768149882904	0.04215456674473068
P48730	0.05301204819277108	0.012048192771084338	0.05060240963855422	0.05542168674698795	0.03855421686746988	0.07951807228915662	0.02891566265060241	0.05060240963855422	0.05783132530120482	0.09397590361445783	0.03132530120481928	0.03855421686746988	0.04578313253012048	0.03132530120481928	0.09879518072289156	0.08433734939759036	0.05301204819277108	0.04578313253012048	0.007228915662650603	0.043373493975903614
P49840	0.06418219461697723	0.016563146997929608	0.033126293995859216	0.047619047619047616	0.037267080745341616	0.13664596273291926	0.014492753623188406	0.043478260869565216	0.045548654244306416	0.09316770186335403	0.010351966873706004	0.026915113871635612	0.07867494824016563	0.035196687370600416	0.051759834368530024	0.09523809523809523	0.06625258799171843	0.062111801242236024	0.006211180124223602	0.035196687370600416
P49841	0.08095238095238096	0.02142857142857143	0.05238095238095238	0.04523809523809524	0.04285714285714286	0.05238095238095238	0.016666666666666666	0.047619047619047616	0.05476190476190476	0.0880952380952381	0.011904761904761904	0.04047619047619048	0.07380952380952381	0.04285714285714286	0.06428571428571428	0.0761904761904762	0.07142857142857142	0.06904761904761905	0.004761904761904762	0.04285714285714286
P51451	0.06732673267326733	0.015841584158415842	0.047524752475247525	0.08316831683168317	0.03762376237623762	0.06336633663366337	0.015841584158415842	0.047524752475247525	0.06534653465346535	0.09900990099009901	0.0297029702970297	0.02574257425742574	0.06930693069306931	0.039603960396039604	0.06930693069306931	0.055445544554455446	0.04356435643564356	0.06534653465346535	0.019801980198019802	0.039603960396039604
P51955	0.04943820224719101	0.015730337078651686	0.04719101123595506	0.10337078651685393	0.02247191011235955	0.04719101123595506	0.017977528089887642	0.04719101123595506	0.0853932584269663	0.13258426966292136	0.02696629213483146	0.04269662921348315	0.03146067415730337	0.04269662921348315	0.08764044943820225	0.07415730337078652	0.038202247191011236	0.04269662921348315	0.0044943820224719105	0.04044943820224719
P52333	0.07829181494661921	0.028469750889679714	0.05249110320284697	0.05871886120996441	0.04092526690391459	0.07028469750889679	0.03291814946619217	0.03291814946619217	0.037366548042704624	0.13434163701067617	0.017793594306049824	0.013345195729537367	0.06850533807829182	0.04715302491103203	0.0693950177935943	0.0791814946619217	0.033807829181494664	0.06405693950177936	0.013345195729537367	0.026690391459074734
P53350	0.06633499170812604	0.02155887230514096	0.04809286898839138	0.06965174129353234	0.03814262023217247	0.05638474295190713	0.026533996683250415	0.05140961857379768	0.06633499170812604	0.11774461028192372	0.01658374792703151	0.03648424543946932	0.06301824212271974	0.02155887230514096	0.07628524046434494	0.07131011608623548	0.04643449419568822	0.06135986733001658	0.006633499170812604	0.03814262023217247
P53778	0.07356948228882834	0.008174386920980926	0.07356948228882834	0.07356948228882834	0.04087193460490463	0.05994550408719346	0.021798365122615803	0.035422343324250684	0.07084468664850137	0.10899182561307902	0.035422343324250684	0.01907356948228883	0.04904632152588556	0.03814713896457766	0.06267029972752043	0.043596730245231606	0.05722070844686648	0.07356948228882834	0.013623978201634877	0.04087193460490463
Q00535	0.0547945205479452	0.0273972602739726	0.07191780821917808	0.05821917808219178	0.05136986301369863	0.0547945205479452	0.023972602739726026	0.03767123287671233	0.07876712328767123	0.136986301369863	0.0136986301369863	0.04452054794520548	0.06506849315068493	0.030821917808219176	0.0547945205479452	0.04794520547945205	0.0410958904109589	0.06164383561643835	0.010273972602739725	0.03424657534246575
Q05397	0.06273764258555133	0.013307984790874524	0.05038022813688213	0.07984790874524715	0.028517110266159697	0.057034220532319393	0.025665399239543727	0.055133079847908745	0.05988593155893536	0.09505703422053231	0.03231939163498099	0.034220532319391636	0.0655893536121673	0.051330798479087454	0.058935361216730035	0.07699619771863118	0.04847908745247148	0.055133079847908745	0.013307984790874524	0.03612167300380228
Q05655	0.057692307692307696	0.03106508875739645	0.05917159763313609	0.07248520710059171	0.06804733727810651	0.06656804733727811	0.028106508875739646	0.057692307692307696	0.08727810650887574	0.08431952662721894	0.026627218934911243	0.042899408284023666	0.03550295857988166	0.038461538461538464	0.04881656804733728	0.05473372781065089	0.04437869822485207	0.05325443786982249	0.013313609467455622	0.029585798816568046
Q08881	0.05	0.025806451612903226	0.04516129032258064	0.08387096774193549	0.043548387096774194	0.05161290322580645	0.025806451612903226	0.041935483870967745	0.06774193548387097	0.09193548387096774	0.01935483870967742	0.04516129032258064	0.04838709677419355	0.03387096774193549	0.06290322580645161	0.07258064516129033	0.04516129032258064	0.07419354838709677	0.020967741935483872	0.05
Q12851	0.05975609756097561	0.020731707317073172	0.0475609756097561	0.07195121951219512	0.03414634146341464	0.06463414634146342	0.03536585365853658	0.0475609756097561	0.03902439024390244	0.13170731707317074	0.015853658536585366	0.023170731707317073	0.08658536585365853	0.04878048780487805	0.05853658536585366	0.06219512195121951	0.06707317073170732	0.0524390243902439	0.014634146341463415	0.018292682926829267
Q13153	0.06422018348623854	0.009174311926605505	0.060550458715596334	0.08073394495412844	0.023853211009174313	0.04954128440366973	0.014678899082568808	0.05504587155963303	0.08623853211009175	0.07889908256880734	0.031192660550458717	0.05688073394495413	0.07889908256880734	0.03853211009174312	0.03669724770642202	0.06972477064220184	0.07155963302752294	0.060550458715596334	0.007339449541284404	0.025688073394495414
Q13188	0.054989816700611	0.010183299389002037	0.06517311608961303	0.10183299389002037	0.038696537678207736	0.04276985743380855	0.02240325865580448	0.06517311608961303	0.0814663951120163	0.07331975560081466	0.048879837067209775	0.04276985743380855	0.054989816700611	0.05091649694501019	0.04276985743380855	0.06313645621181263	0.05702647657841141	0.05091649694501019	0.010183299389002037	0.02240325865580448
Q13464	0.05243722304283604	0.013293943870014771	0.06573116691285082	0.11669128508124077	0.0310192023633678	0.0310192023633678	0.0206794682422452	0.0361890694239291	0.10044313146233383	0.10561299852289513	0.02880354505169867	0.05982274741506647	0.025110782865583457	0.05982274741506647	0.05982274741506647	0.0620384047267356	0.045051698670605614	0.051698670605613	0.00812407680945347	0.026587887740029542
Q13627	0.05897771952817824	0.011795543905635648	0.04849279161205767	0.04325032765399738	0.03145478374836173	0.06946264744429882	0.061598951507208385	0.03800786369593709	0.05242463958060288	0.07077326343381389	0.0327653997378768	0.047182175622542594	0.05242463958060288	0.06815203145478375	0.05242463958060288	0.0982961992136304	0.06684141546526867	0.05111402359108781	0.00655307994757536	0.03800786369593709
Q15303	0.052752293577981654	0.04434250764525994	0.052752293577981654	0.06422018348623854	0.03669724770642202	0.06957186544342507	0.024464831804281346	0.05198776758409786	0.05045871559633028	0.08409785932721713	0.02217125382262997	0.0581039755351682	0.06880733944954129	0.035932721712538224	0.05198776758409786	0.06116207951070336	0.0581039755351682	0.05963302752293578	0.012232415902140673	0.040519877675840976
Q16620	0.058394160583941604	0.0267639902676399	0.05474452554744526	0.0535279805352798	0.0364963503649635	0.06447688564476886	0.038929440389294405	0.06569343065693431	0.051094890510948905	0.09124087591240876	0.025547445255474453	0.06326034063260341	0.05474452554744526	0.0340632603406326	0.0364963503649635	0.07177615571776155	0.05596107055961071	0.06690997566909976	0.019464720194647202	0.030413625304136254
Q16644	0.060209424083769635	0.02356020942408377	0.0549738219895288	0.07068062827225131	0.02617801047120419	0.08115183246073299	0.031413612565445025	0.04450261780104712	0.06806282722513089	0.08900523560209424	0.031413612565445025	0.03664921465968586	0.06282722513089005	0.05759162303664921	0.0549738219895288	0.049738219895287955	0.0549738219895288	0.0549738219895288	0.013089005235602094	0.034031413612565446
Q5VT25	0.05600461893764434	0.021939953810623556	0.05542725173210162	0.09353348729792148	0.032909930715935336	0.04676674364896074	0.025404157043879907	0.05138568129330254	0.075635103926097	0.09699769053117784	0.024826789838337183	0.042725173210161664	0.04330254041570439	0.05138568129330254	0.061200923787528866	0.0848729792147806	0.05023094688221709	0.05254041570438799	0.008660508083140877	0.02424942263279446
Q7L7X3	0.058941058941058944	0.007992007992007992	0.03596403596403597	0.1108891108891109	0.023976023976023976	0.04595404595404595	0.03996003996003996	0.03796203796203796	0.07092907092907093	0.0999000999000999	0.03896103896103896	0.04095904095904096	0.04095904095904096	0.08091908091908091	0.07492507492507493	0.07992007992007992	0.04095904095904096	0.03796203796203796	0.00999000999000999	0.02197802197802198
Q8NE63	0.08116883116883117	0.01948051948051948	0.048701298701298704	0.08441558441558442	0.03896103896103896	0.060064935064935064	0.04220779220779221	0.04220779220779221	0.04707792207792208	0.1038961038961039	0.024350649350649352	0.027597402597402596	0.07305194805194805	0.03571428571428571	0.06818181818181818	0.07305194805194805	0.03896103896103896	0.05032467532467533	0.012987012987012988	0.027597402597402596
Q96GD4	0.06395348837209303	0.014534883720930232	0.03488372093023256	0.07267441860465117	0.029069767441860465	0.055232558139534885	0.0377906976744186	0.05232558139534884	0.06395348837209303	0.11627906976744186	0.02616279069767442	0.03488372093023256	0.07267441860465117	0.0377906976744186	0.0755813953488372	0.06395348837209303	0.0377906976744186	0.061046511627906974	0.011627906976744186	0.0377906976744186
Q9BZL6	0.06719817767653759	0.02619589977220957	0.04555808656036447	0.06492027334851937	0.03758542141230068	0.07517084282460136	0.03416856492027335	0.04555808656036447	0.04555808656036447	0.10364464692482915	0.02050113895216401	0.03189066059225513	0.07061503416856492	0.04328018223234624	0.05466970387243736	0.09111617312072894	0.04669703872437358	0.06150341685649203	0.009111617312072893	0.025056947608200455
Q9H2G2	0.05020242914979757	0.008906882591093117	0.05748987854251012	0.14412955465587043	0.024291497975708502	0.029959514170040485	0.01862348178137652	0.06072874493927125	0.1020242914979757	0.08340080971659919	0.021052631578947368	0.04939271255060729	0.032388663967611336	0.07449392712550608	0.05101214574898785	0.06963562753036437	0.05668016194331984	0.048582995951417005	0.006477732793522267	0.010526315789473684
Q9H3Y6	0.08196721311475409	0.02459016393442623	0.03483606557377049	0.06762295081967214	0.040983606557377046	0.07991803278688525	0.02459016393442623	0.028688524590163935	0.040983606557377046	0.12704918032786885	0.018442622950819672	0.018442622950819672	0.08196721311475409	0.040983606557377046	0.07172131147540983	0.06967213114754098	0.03483606557377049	0.05737704918032787	0.020491803278688523	0.03483606557377049
Q9H4B4	0.08978328173374613	0.017027863777089782	0.04179566563467492	0.05417956656346749	0.03869969040247678	0.06656346749226007	0.032507739938080496	0.030959752321981424	0.043343653250773995	0.12229102167182662	0.015479876160990712	0.02321981424148607	0.08668730650154799	0.03715170278637771	0.07739938080495357	0.07275541795665634	0.05108359133126935	0.058823529411764705	0.009287925696594427	0.030959752321981424
Q9NYL2	0.045	0.01375	0.05375	0.07375	0.04	0.0575	0.03125	0.0525	0.07125	0.0775	0.025	0.04125	0.05375	0.04125	0.05875	0.10625	0.0525	0.055	0.02	0.03
Q9P1W9	0.06752411575562701	0.02572347266881029	0.06109324758842444	0.06109324758842444	0.03858520900321544	0.09646302250803858	0.03215434083601286	0.04823151125401929	0.03215434083601286	0.12540192926045016	0.012861736334405145	0.00964630225080386	0.11254019292604502	0.028938906752411574	0.06109324758842444	0.04823151125401929	0.03858520900321544	0.05787781350482315	0.022508038585209004	0.01929260450160772
Q9Y243	0.03966597077244259	0.016701461377870562	0.07515657620041753	0.08768267223382047	0.054279749478079335	0.05845511482254697	0.022964509394572025	0.05010438413361169	0.081419624217119	0.08350730688935282	0.033402922755741124	0.031315240083507306	0.04592901878914405	0.029227557411273485	0.060542797494780795	0.05010438413361169	0.06889352818371608	0.054279749478079335	0.014613778705636743	0.04175365344467641
Q9Y4K4	0.0673758865248227	0.022458628841607566	0.05200945626477541	0.061465721040189124	0.04491725768321513	0.05673758865248227	0.031914893617021274	0.06028368794326241	0.07210401891252956	0.0933806146572104	0.022458628841607566	0.04373522458628842	0.06619385342789598	0.041371158392434985	0.04491725768321513	0.06855791962174941	0.057919621749408984	0.05319148936170213	0.01182033096926714	0.027186761229314422
O15111	0.04563758389261745	0.026845637583892617	0.04697986577181208	0.07785234899328859	0.024161073825503355	0.05906040268456376	0.036241610738255034	0.06577181208053691	0.06845637583892618	0.1221476510067114	0.03355704697986577	0.036241610738255034	0.042953020134228186	0.052348993288590606	0.042953020134228186	0.08322147651006712	0.03758389261744966	0.052348993288590606	0.016107382550335572	0.02953020134228188
O15530	0.05935251798561151	0.01618705035971223	0.050359712230215826	0.0737410071942446	0.048561151079136694	0.06115107913669065	0.02697841726618705	0.044964028776978415	0.0683453237410072	0.10071942446043165	0.017985611510791366	0.03237410071942446	0.0683453237410072	0.050359712230215826	0.0539568345323741	0.07913669064748201	0.046762589928057555	0.048561151079136694	0.01079136690647482	0.04136690647482014
P24941	0.06375838926174497	0.010067114093959731	0.053691275167785234	0.05704697986577181	0.053691275167785234	0.053691275167785234	0.03355704697986577	0.053691275167785234	0.07046979865771812	0.13087248322147652	0.016778523489932886	0.026845637583892617	0.06375838926174497	0.030201342281879196	0.053691275167785234	0.04697986577181208	0.05704697986577181	0.07718120805369127	0.013422818791946308	0.03355704697986577
P36888	0.05236656596173213	0.03323262839879154	0.04229607250755287	0.07754279959718026	0.05840886203423968	0.054380664652567974	0.021148036253776436	0.05236656596173213	0.05337361530715005	0.08761329305135952	0.02416918429003021	0.050352467270896276	0.0433031218529708	0.04229607250755287	0.04229607250755287	0.09063444108761329	0.0513595166163142	0.06646525679758308	0.015105740181268883	0.041289023162134945
Q15759	0.07692307692307693	0.01098901098901099	0.0521978021978022	0.08516483516483517	0.027472527472527472	0.0521978021978022	0.027472527472527472	0.04945054945054945	0.046703296703296704	0.11538461538461539	0.024725274725274724	0.024725274725274724	0.06318681318681318	0.04945054945054945	0.06318681318681318	0.06868131868131869	0.03571428571428571	0.06868131868131869	0.013736263736263736	0.04395604395604396
Q16539	0.06944444444444445	0.011111111111111112	0.075	0.06388888888888888	0.03611111111111111	0.041666666666666664	0.03333333333333333	0.06111111111111111	0.05277777777777778	0.11944444444444445	0.030555555555555555	0.03888888888888889	0.04722222222222222	0.041666666666666664	0.05277777777777778	0.05555555555555555	0.05277777777777778	0.06111111111111111	0.013888888888888888	0.041666666666666664
Q12866	0.06406406406406406	0.01701701701701702	0.04604604604604605	0.06406406406406406	0.03403403403403404	0.06506506506506507	0.026026026026026026	0.06706706706706707	0.044044044044044044	0.0990990990990991	0.025025025025025027	0.043043043043043044	0.07007007007007007	0.035035035035035036	0.04004004004004004	0.0920920920920921	0.05105105105105105	0.07307307307307308	0.016016016016016016	0.028028028028028028
P00519	0.08584070796460178	0.012389380530973451	0.03716814159292035	0.07964601769911504	0.02566371681415929	0.07787610619469026	0.021238938053097345	0.02920353982300885	0.07256637168141593	0.08495575221238938	0.01592920353982301	0.035398230088495575	0.07964601769911504	0.02920353982300885	0.05663716814159292	0.10619469026548672	0.05752212389380531	0.05486725663716814	0.011504424778761062	0.02654867256637168
P17948	0.052316890881913304	0.02466367713004484	0.05007473841554559	0.06278026905829596	0.03662182361733931	0.053811659192825115	0.02242152466367713	0.06427503736920777	0.07548579970104634	0.09192825112107623	0.02391629297458894	0.043348281016442454	0.045590433482810166	0.02914798206278027	0.05082212257100149	0.09566517189835576	0.07249626307922272	0.05530642750373692	0.01195814648729447	0.03736920777279522
P11802	0.07260726072607261	0.013201320132013201	0.056105610561056105	0.0627062706270627	0.0429042904290429	0.07920792079207921	0.0297029702970297	0.036303630363036306	0.036303630363036306	0.10891089108910891	0.026402640264026403	0.0231023102310231	0.08250825082508251	0.026402640264026403	0.07590759075907591	0.04950495049504951	0.04950495049504951	0.0891089108910891	0.009900990099009901	0.0297029702970297
Q00534	0.05828220858895705	0.018404907975460124	0.0705521472392638	0.06748466257668712	0.049079754601226995	0.05521472392638037	0.027607361963190184	0.03680981595092025	0.05521472392638037	0.1196319018404908	0.018404907975460124	0.02147239263803681	0.05214723926380368	0.04294478527607362	0.06748466257668712	0.06134969325153374	0.05828220858895705	0.08588957055214724	0.009202453987730062	0.024539877300613498
O00141	0.06496519721577726	0.01160092807424594	0.04408352668213457	0.06264501160092807	0.058004640371229696	0.048723897911832945	0.03480278422273782	0.05336426914153132	0.07888631090487239	0.11136890951276102	0.02320185614849188	0.058004640371229696	0.07192575406032482	0.03248259860788863	0.03944315545243619	0.06728538283062645	0.04176334106728538	0.05336426914153132	0.0069605568445475635	0.037122969837587005
O00444	0.050515463917525774	0.013402061855670102	0.04639175257731959	0.058762886597938144	0.03814432989690722	0.05567010309278351	0.0288659793814433	0.05360824742268041	0.06804123711340206	0.07835051546391752	0.026804123711340205	0.0577319587628866	0.05463917525773196	0.041237113402061855	0.049484536082474224	0.11443298969072165	0.06804123711340206	0.04845360824742268	0.009278350515463918	0.03814432989690722
P51812	0.06621621621621622	0.008108108108108109	0.05945945945945946	0.07162162162162163	0.0472972972972973	0.06486486486486487	0.032432432432432434	0.05540540540540541	0.07162162162162163	0.1	0.02837837837837838	0.02837837837837838	0.051351351351351354	0.041891891891891894	0.05	0.060810810810810814	0.05540540540540541	0.06351351351351352	0.010810810810810811	0.032432432432432434
P53667	0.03554868624420402	0.04327666151468315	0.05873261205564142	0.06491499227202473	0.030911901081916538	0.08500772797527048	0.04173106646058733	0.04945904173106646	0.04636785162287481	0.09582689335394126	0.023183925811437404	0.02472952086553323	0.0695517774343122	0.030911901081916538	0.06800618238021638	0.07264296754250386	0.04791344667697063	0.06646058732612056	0.010819165378670788	0.03400309119010819
Q9Y478	0.05185185185185185	0.011111111111111112	0.06666666666666667	0.07037037037037037	0.037037037037037035	0.05925925925925926	0.044444444444444446	0.040740740740740744	0.07037037037037037	0.09259259259259259	0.018518518518518517	0.040740740740740744	0.08518518518518518	0.03333333333333333	0.040740740740740744	0.07777777777777778	0.05185185185185185	0.06296296296296296	0.014814814814814815	0.02962962962962963
O14920	0.05026455026455026	0.023809523809523808	0.047619047619047616	0.08862433862433862	0.023809523809523808	0.04894179894179894	0.017195767195767195	0.04497354497354497	0.056878306878306875	0.1283068783068783	0.0291005291005291	0.04365079365079365	0.04365079365079365	0.08068783068783068	0.05952380952380952	0.06878306878306878	0.05291005291005291	0.05291005291005291	0.01984126984126984	0.018518518518518517
P23443	0.06285714285714286	0.011428571428571429	0.05333333333333334	0.08761904761904762	0.05333333333333334	0.08190476190476191	0.02666666666666667	0.047619047619047616	0.06666666666666667	0.08761904761904762	0.03619047619047619	0.030476190476190476	0.06857142857142857	0.03238095238095238	0.06285714285714286	0.05904761904761905	0.047619047619047616	0.049523809523809526	0.007619047619047619	0.02666666666666667
Q13131	0.04830053667262969	0.01967799642218247	0.06976744186046512	0.059033989266547404	0.03398926654740608	0.04830053667262969	0.03935599284436494	0.059033989266547404	0.06797853309481217	0.09481216457960644	0.026833631484794274	0.03220035778175313	0.0518783542039356	0.03577817531305903	0.06797853309481217	0.08586762075134168	0.044722719141323794	0.06618962432915922	0.008944543828264758	0.03935599284436494
Q14680	0.047619047619047616	0.02457757296466974	0.059907834101382486	0.05837173579109063	0.027649769585253458	0.04915514592933948	0.027649769585253458	0.047619047619047616	0.09062980030721966	0.11213517665130568	0.026113671274961597	0.0445468509984639	0.047619047619047616	0.041474654377880185	0.05069124423963134	0.06144393241167435	0.0629800307219662	0.0629800307219662	0.013824884792626729	0.043010752688172046
Q8TDC3	0.05141388174807198	0.012853470437017995	0.043701799485861184	0.06555269922879177	0.02956298200514139	0.09254498714652956	0.033419023136246784	0.03470437017994859	0.056555269922879174	0.09897172236503857	0.017994858611825194	0.017994858611825194	0.10925449871465295	0.03470437017994859	0.07840616966580977	0.10925449871465295	0.03598971722365039	0.05141388174807198	0.005141388174807198	0.02056555269922879
P30530	0.07718120805369127	0.024608501118568233	0.04697986577181208	0.06823266219239374	0.024608501118568233	0.08053691275167785	0.02348993288590604	0.029082774049217	0.02796420581655481	0.10514541387024609	0.02237136465324385	0.024608501118568233	0.0883668903803132	0.05592841163310962	0.05480984340044743	0.06263982102908278	0.06040268456375839	0.07270693512304251	0.021252796420581657	0.029082774049217
Q06418	0.08764044943820225	0.021348314606741574	0.04269662921348315	0.06404494382022471	0.028089887640449437	0.08089887640449438	0.015730337078651686	0.03707865168539326	0.033707865168539325	0.11685393258426967	0.024719101123595506	0.028089887640449437	0.08202247191011236	0.048314606741573035	0.05393258426966292	0.07078651685393259	0.046067415730337076	0.07752808988764046	0.020224719101123594	0.020224719101123594
O94806	0.0449438202247191	0.02696629213483146	0.056179775280898875	0.06404494382022471	0.03932584269662921	0.052808988764044947	0.03146067415730337	0.058426966292134834	0.0550561797752809	0.08426966292134831	0.029213483146067417	0.046067415730337076	0.06404494382022471	0.03707865168539326	0.056179775280898875	0.09438202247191012	0.04719101123595506	0.07191011235955057	0.012359550561797753	0.028089887640449437
O75676	0.08808290155440414	0.012953367875647668	0.04145077720207254	0.07772020725388601	0.046632124352331605	0.08419689119170984	0.027202072538860103	0.03238341968911917	0.046632124352331605	0.11398963730569948	0.01683937823834197	0.022020725388601035	0.06476683937823834	0.04922279792746114	0.07901554404145078	0.06735751295336788	0.03626943005181347	0.06347150259067358	0.007772020725388601	0.022020725388601035
P43403	0.08723747980613894	0.027463651050080775	0.050080775444264945	0.07431340872374798	0.029079159935379646	0.06785137318255251	0.025848142164781908	0.03877221324717286	0.06785137318255251	0.10016155088852989	0.033925686591276254	0.022617124394184167	0.06785137318255251	0.03715670436187399	0.05977382875605816	0.061389337641357025	0.03715670436187399	0.046849757673667204	0.014539579967689823	0.050080775444264945
Q06187	0.04400606980273141	0.018209408194233688	0.0409711684370258	0.08801213960546282	0.036418816388467376	0.054628224582701064	0.02276176024279211	0.051593323216995446	0.08042488619119878	0.08649468892261002	0.030349013657056147	0.03490136570561457	0.05614567526555387	0.048558421851289835	0.051593323216995446	0.0819423368740516	0.03945371775417299	0.06069802731411229	0.01669195751138088	0.05614567526555387
P27448	0.05843293492695883	0.01195219123505976	0.049136786188579015	0.06640106241699867	0.03187250996015936	0.06241699867197875	0.02390438247011952	0.05312084993359894	0.0703851261620186	0.07835325365205843	0.02390438247011952	0.049136786188579015	0.049136786188579015	0.033200531208499334	0.08366533864541832	0.11155378486055777	0.06241699867197875	0.049136786188579015	0.005312084993359893	0.02656042496679947
P49137	0.065	0.0175	0.0375	0.0725	0.03	0.0425	0.0275	0.0625	0.075	0.09	0.035	0.035	0.0975	0.0525	0.0525	0.0575	0.0525	0.05	0.0125	0.035
P31749	0.052083333333333336	0.014583333333333334	0.058333333333333334	0.10208333333333333	0.05625	0.0625	0.027083333333333334	0.041666666666666664	0.075	0.08541666666666667	0.03333333333333333	0.027083333333333334	0.04583333333333333	0.035416666666666666	0.0625	0.04791666666666667	0.0625	0.058333333333333334	0.014583333333333334	0.0375
Q02750	0.061068702290076333	0.015267175572519083	0.05089058524173028	0.07633587786259542	0.035623409669211195	0.07888040712468193	0.022900763358778626	0.06361323155216285	0.07124681933842239	0.09669211195928754	0.03307888040712468	0.03307888040712468	0.0737913486005089	0.043256997455470736	0.04580152671755725	0.07633587786259542	0.030534351145038167	0.06361323155216285	0.005089058524173028	0.022900763358778626
